 0.442 0.8887 0.2225 0.4506 0.9054 0.1859 0.3735 0.7423 0.4987 0.9858 0.02857 0.0555 0.1148 0.2267 0.4495 0.8906 0.2172 0.431 0.8584 0.2812 0.5635 0.874 0.2507 0.5007     1     0     0     0     0     0     0     0
 0.5003 0.4973 0.5018 0.5003 0.516 0.4868 0.4989 0.5071 0.4968 0.4976 0.5098 0.4856 0.4841 0.4889 0.4918 0.5039 0.5061 0.4995 0.5024 0.5015 0.487 0.5003 0.5002 0.4967 0.5001     1     0     0     0     0     0     0
 0.497 0.5034 0.4974 0.4979 0.4988 0.5009 0.501 0.4948 0.4988 0.5008 0.5002 0.505 0.499 0.501 0.4956 0.5001 0.5005 0.5027 0.4986 0.5016 0.4996 0.5017 0.5054 0.4955 0.4978 0.5017     1     0     0     0     0     0
 0.5039 0.494 0.498 0.5047 0.4872 0.4984 0.5015 0.4951 0.5014 0.5036 0.501 0.4995 0.4995 0.4965 0.496 0.497 0.4971 0.5005 0.5032 0.4972 0.5009 0.4991 0.4997 0.503 0.5089 0.5028 0.4932     1     0     0     0     0
 0.5051 0.4992 0.507 0.4952 0.4993 0.4993 0.4995 0.5034 0.5052 0.4982 0.4965 0.4997 0.5031 0.5003 0.5042 0.5001 0.4965 0.5009 0.5022 0.5024 0.4952 0.4981 0.4952 0.5025 0.5068 0.4987 0.503 0.5064     1     0     0     0
 0.4971 0.5032 0.5026 0.501 0.4994 0.5063 0.499 0.4986 0.4988 0.4985 0.5023 0.5015 0.5037 0.4973 0.5014 0.5024 0.4979 0.5038 0.4979 0.5031 0.5067 0.5018 0.4955 0.5005 0.499 0.4993 0.4953 0.5016 0.5012     1     0     0
 0.4963 0.5097 0.5001 0.5046 0.5019 0.5002 0.4996 0.4986 0.5028 0.5033 0.4982 0.5022 0.4989 0.5016 0.4975 0.5006 0.501 0.5071 0.5004 0.5028 0.5004 0.4967 0.502 0.499 0.4989 0.5033 0.4955 0.4936 0.4949 0.4986     1     0
 0.4984 0.497 0.4974 0.5049 0.5015 0.4954 0.5013 0.4965 0.5087 0.4978 0.501 0.5063 0.5056 0.4978 0.5003 0.5015 0.4987 0.5033 0.4976 0.5021 0.5002 0.4974 0.4996 0.4914 0.4984 0.4926 0.5016 0.5024 0.4947 0.4996     0     1
 0.4949 0.4297 0.4933 0.5226 0.4976 0.5042 0.5634 0.4471 0.5054 0.5138 0.5187 0.4934 0.5084 0.4904 0.5082 0.3853 0.5515 0.4871 0.5091 0.5131 0.6811 0.5038 0.5019 0.5035     1     0     0     0     0     0     0     0
 0.4992 0.5071 0.5073 0.5101 0.5193 0.4896 0.4986 0.4979 0.5027 0.5021 0.4961 0.4964 0.5183 0.4838 0.4865 0.4978 0.5057 0.5028 0.505 0.5029 0.5089 0.5023 0.4966 0.5024 0.4985     1     0     0     0     0     0     0
 0.5042 0.503 0.495 0.508 0.494 0.4995 0.5016 0.5024 0.4986 0.4956 0.5024 0.5007 0.5134 0.4936 0.4927 0.4955 0.4985 0.5038 0.5031 0.5001 0.5038 0.4991 0.501 0.4995 0.4984 0.5008     1     0     0     0     0     0
 0.4976 0.4966 0.4962 0.4964 0.4955 0.4952 0.5052 0.4974 0.4952 0.4983 0.4998 0.4977 0.4932 0.5043 0.4976 0.503 0.4979 0.494 0.4992 0.5015 0.5019 0.4995 0.5016 0.4961 0.4971 0.5018 0.4978     1     0     0     0     0
 0.4958 0.4979 0.4992 0.503 0.4972 0.4985 0.5029 0.4999 0.5022 0.5043 0.4983 0.4961 0.5081 0.5011 0.5046 0.4944 0.495 0.5001 0.5037 0.5031 0.5025 0.5059 0.5043 0.4971 0.4994 0.5009 0.4999 0.5006     1     0     0     0
 0.5043 0.492 0.5039 0.4983 0.4966 0.5002 0.5018 0.4998 0.4908 0.4962 0.5006 0.4993 0.5037 0.5045 0.5022 0.4999 0.4957 0.5041 0.4955 0.4989 0.498 0.5014 0.5052 0.5077 0.5038 0.5022 0.4964 0.4996 0.4951     1     0     0
 0.4981 0.4997 0.5028 0.5001 0.5009 0.5019 0.5026 0.5052 0.5007 0.4953 0.499 0.4986 0.4962 0.4995 0.5005 0.4944 0.497 0.5012 0.4988 0.4968 0.4964 0.497 0.5037 0.5012 0.5063 0.4981 0.503 0.4976 0.5005 0.5015     1     0
 0.4998 0.5022 0.4957 0.5004 0.5026 0.4957 0.5021 0.4994 0.5042 0.4985 0.5027 0.5056 0.4995 0.4979 0.4917 0.5037 0.5025 0.5009 0.5011 0.4998 0.5005 0.4975 0.5067 0.5031 0.4975 0.5038 0.5043 0.4993 0.5068 0.505     1     1
 0.5088 0.5322 0.4814 0.5143 0.4783 0.477 0.5374 0.5028 0.4992 0.4911 0.5221 0.5026 0.5078 0.5059 0.4938 0.5001  0.49 0.5024 0.5465 0.5137 0.503 0.5018 0.5049 0.4997     1     0     0     0     0     0     0     0
 0.5022 0.4998 0.5013 0.5032 0.4997 0.5171 0.5008 0.5099 0.4987 0.5003 0.5023 0.493 0.5169 0.4843 0.4879 0.4958 0.509 0.4904 0.4927 0.4928 0.5115 0.493 0.5012 0.4956 0.5028     1     0     0     0     0     0     0
 0.504 0.497 0.505 0.509 0.5048 0.4914 0.499 0.5041 0.5004 0.4945 0.5041 0.503 0.5024 0.4989 0.4962 0.5029 0.5026 0.5034 0.5062   0.5 0.4975 0.502 0.5091 0.4998 0.5025 0.4939     1     0     0     0     0     0
 0.499 0.5025 0.5019 0.5006 0.4975 0.503 0.5054 0.503 0.5005 0.4954 0.5007 0.4996 0.5028 0.5041 0.4991 0.506 0.505 0.4958 0.4985 0.499 0.4996 0.504 0.5031 0.4979 0.5022 0.498 0.4956     1     0     0     0     0
 0.4949 0.5003 0.5008 0.4959 0.4975 0.5002 0.4981 0.4957 0.5019 0.4983 0.5067 0.498 0.5028 0.5011 0.4955 0.5023 0.499 0.5054 0.5078 0.502 0.5063 0.5007 0.4997 0.5029 0.5006 0.4974 0.4979 0.4958     1     0     0     0
 0.4983 0.4966 0.5079 0.5034 0.4982 0.5013 0.4995 0.4987 0.5053 0.4987 0.5031 0.4994 0.4952 0.4986 0.5024 0.4998 0.5025 0.5021 0.4976 0.4989 0.4975 0.5026 0.498 0.5005 0.4961 0.4974 0.4984 0.4952 0.5045     1     0     0
 0.4998 0.5005 0.4975 0.4949 0.5023 0.4954 0.4984 0.4971 0.5024 0.4962 0.5027 0.4998 0.4922 0.5058 0.4974 0.4942 0.5066 0.5038 0.5051 0.4945 0.5007 0.5094 0.5025 0.4979 0.496 0.5016 0.4996 0.4929 0.4957 0.5059     1     0
 0.5038 0.5012 0.5017 0.5019 0.496 0.498 0.5018 0.4984 0.498 0.4949 0.5003 0.4914 0.4987 0.4942 0.4994 0.5018 0.5115 0.4991 0.5029 0.4977 0.5052 0.4994 0.5014 0.503 0.496 0.4966 0.4982 0.5032 0.4999 0.5062     0     1
 0.4906 0.5123 0.4964 0.4955 0.4925 0.4972 0.4945 0.5037 0.507 0.5133  0.51 0.4994 0.4914 0.5086 0.4874 0.4965 0.5107 0.5145 0.4916 0.5008 0.4886 0.5061 0.486 0.501     1     0     0     0     0     0     0     0
 0.507 0.504 0.4977 0.5083 0.5056 0.5142 0.5074 0.5089 0.4925 0.5088 0.5104 0.4955 0.5196 0.4853 0.487 0.5021 0.5038 0.5093 0.4941 0.5042 0.5117 0.4902 0.4915 0.5062 0.5016     1     0     0     0     0     0     0
 0.5047 0.5019 0.5065 0.4987 0.5024 0.4891 0.4984 0.4931 0.4956 0.4997 0.4996 0.5118 0.5072 0.4933 0.5027 0.5007 0.4999 0.4978 0.499 0.4974 0.4946 0.5038 0.5036 0.4988 0.498 0.5037     1     0     0     0     0     0
 0.5007 0.4949 0.5007 0.5052 0.5031 0.4988 0.4949 0.4982 0.5011 0.5001 0.4988 0.4979 0.5095 0.5035 0.4987 0.5002 0.4917 0.4946 0.4995 0.5002 0.5035 0.4971 0.4985 0.5007 0.4932 0.5031 0.5059     1     0     0     0     0
 0.4972 0.5003 0.5041 0.5054 0.5008 0.5082 0.4936 0.5057 0.5101 0.499 0.498 0.5009 0.4965 0.5029 0.4981 0.4996 0.4987 0.4999 0.496 0.5005 0.4975 0.4989 0.5037 0.5024 0.4955 0.4998 0.5024 0.5035     1     0     0     0
 0.4893 0.4969 0.4942 0.4988 0.4989 0.5033 0.5014 0.5001 0.4985 0.495 0.5011 0.5029 0.4935 0.4987 0.4978 0.5048 0.4982 0.5035 0.4928 0.4953 0.4994 0.5022 0.5028 0.5047 0.5062 0.5035 0.4942 0.4976 0.4962     1     0     0
 0.5016 0.4982 0.5012 0.5026 0.4995 0.501 0.5035 0.5039 0.503 0.5054 0.4975 0.4977 0.5013 0.5003 0.5022 0.4964 0.5021 0.5011 0.4928 0.4982 0.4974 0.4949 0.4987 0.5048   0.5 0.4975 0.5019 0.499 0.5041 0.4988     1     0
 0.504 0.4999 0.4989 0.5022 0.502 0.4994 0.4986 0.503 0.5007 0.5004 0.4992 0.4988 0.4947 0.499 0.4984 0.4968 0.5035 0.4964 0.5001 0.5041 0.5011 0.4977 0.5011 0.5057 0.5019 0.502 0.4941 0.4995 0.4958 0.4995     1     1
 0.5069 0.4878 0.5013 0.5064 0.5036 0.4987 0.4983 0.4919 0.4922 0.4964 0.4951 0.4901 0.4964 0.5021 0.5051 0.5009 0.5006 0.5236 0.5029 0.4976 0.4943 0.4998 0.4967 0.5006     1     0     0     0     0     0     0     0
 0.4989 0.5025 0.5045 0.5027 0.5011 0.5082 0.4945 0.5062 0.4888 0.4999 0.511 0.4681 0.5001 0.5216 0.4677 0.4819 0.4872 0.4871 0.4951 0.5122 0.4958 0.5137 0.4895 0.4963 0.5003     1     0     0     0     0     0     0
 0.497 0.5068 0.5065 0.4947 0.4972 0.5041 0.5009 0.4955 0.4952 0.4961 0.4989 0.5111 0.5007 0.5081 0.5014 0.5051 0.5004 0.4976 0.5032 0.5047 0.4993 0.4966 0.4937 0.4964 0.4993 0.5054     1     0     0     0     0     0
 0.4985 0.4957 0.4989 0.4975 0.4982 0.4999 0.5055 0.494 0.505 0.4987 0.4976 0.5005 0.4934 0.5001 0.5001 0.5055 0.5012 0.5019 0.498 0.5026 0.5018 0.4977 0.498 0.5018 0.4981 0.497 0.503     1     0     0     0     0
 0.4996 0.494 0.5013 0.4994 0.4966 0.5038 0.5023 0.5044 0.5017 0.4969 0.5059 0.5085 0.5034 0.4959 0.5033 0.5045 0.493 0.4978 0.5071 0.4973 0.4968 0.4993 0.5006 0.5001 0.5068 0.4995 0.501 0.5028     1     0     0     0
 0.506 0.4984 0.4929 0.4983 0.5017 0.502 0.4978 0.4959 0.4995 0.5011 0.5084 0.4963 0.5011 0.4985 0.5101 0.5007 0.5012 0.4953 0.4982 0.5008 0.5013 0.503 0.5044 0.5024 0.499 0.4981 0.4938 0.498 0.5097     1     0     0
 0.4982 0.4975 0.5024 0.503 0.5016 0.4994 0.4998 0.4977   0.5 0.503 0.5014 0.5027 0.5019 0.5017 0.496 0.4985 0.4964 0.5019 0.4988 0.5061 0.4949 0.5007 0.502 0.4969 0.498 0.5006 0.4934 0.4938 0.4998 0.507     1     0
 0.5013 0.4998 0.5016 0.5005 0.5007 0.5081 0.5006 0.4977 0.503 0.5024 0.4923 0.5084 0.4974 0.4992 0.5035 0.4938 0.4969 0.4977 0.4984 0.4997 0.5073 0.5019 0.4946 0.5019 0.5032 0.4963 0.5014 0.501 0.5065 0.4917     0     1
 0.5003 0.5037 0.5051 0.5077 0.5005 0.4988 0.5087 0.5089 0.5031 0.5028 0.5008 0.5015 0.4994  0.51 0.5066 0.4993 0.4953 0.4987 0.5008 0.5069 0.5036 0.4983 0.5084 0.5011     1     0     0     0     0     0     0     0
 0.5116 0.5016 0.4967 0.4951 0.4859 0.5105 0.4748 0.496 0.4956 0.5131 0.4847 0.4567 0.4909 0.5187 0.4726 0.4935 0.5106 0.4925 0.5124 0.5065 0.5033 0.5037 0.5078 0.5059 0.5015     1     0     0     0     0     0     0
 0.4993 0.5003 0.5019 0.4966 0.5066 0.4992 0.4995 0.4906 0.5024 0.5067 0.5006 0.4812 0.4954 0.4918 0.4965 0.5035 0.5032   0.5 0.5147 0.506 0.5016 0.5052 0.4946 0.4991 0.5083 0.4968     1     0     0     0     0     0
 0.4932 0.4991 0.5045 0.5025 0.5014 0.5013 0.4989 0.4953 0.4868 0.5013 0.5009 0.4984 0.4937 0.5032 0.4982 0.4968 0.4984 0.4954 0.5019 0.495 0.5016 0.4989 0.5017 0.497 0.4955 0.5073 0.5041     1     0     0     0     0
 0.5008 0.5062 0.504 0.5064 0.5028 0.4985 0.4992 0.5076 0.5027 0.4929 0.5035 0.5065 0.4968 0.5057 0.5029 0.499 0.5045 0.5057 0.4947 0.4975 0.4975 0.4995 0.4978 0.4964 0.4982 0.5015 0.4956 0.5001     1     0     0     0
   0.5 0.5038 0.4989 0.4969 0.5004 0.5044 0.4965 0.5025 0.5033 0.4979 0.4981 0.4993 0.5031 0.5033 0.5011 0.4997 0.5023 0.4991 0.4975 0.5019 0.4993 0.5029 0.4975 0.5059 0.5023   0.5 0.5008 0.5049 0.4936     1     0     0
 0.4963 0.4973 0.5062 0.4975 0.5061 0.5008 0.4992 0.4961 0.4974 0.5029 0.5026 0.4978 0.5049 0.5044 0.5044 0.4985 0.5003 0.5039 0.5005 0.4982 0.5056 0.4999 0.503 0.5073 0.503 0.494 0.4975 0.4985 0.5011 0.5043     1     0
 0.4997 0.5034 0.4939 0.5018 0.4978 0.5039 0.5001 0.4957 0.5066 0.5011 0.5003 0.4996 0.4999 0.4941   0.5 0.5007 0.5047 0.4951 0.505 0.5007 0.5061 0.4977 0.5041 0.5023 0.4941 0.5111 0.5009 0.5001 0.5025 0.499     1     1
 0.5043 0.5023 0.5017 0.5001 0.4993 0.4969 0.4965 0.5026 0.4834 0.4944 0.4981 0.5053 0.5048 0.4955 0.5033 0.4894 0.4977 0.5012 0.4922 0.4916 0.5108 0.5026 0.5051 0.506     1     0     0     0     0     0     0     0
 0.4904 0.497 0.5076 0.5046 0.4917 0.4988 0.5271 0.4821 0.4794 0.4968 0.4997 0.5634 0.4318 0.4824 0.4762 0.4972 0.5054 0.5069 0.5338 0.478 0.4945 0.5091 0.5184 0.4887 0.5026     1     0     0     0     0     0     0
 0.4991 0.5037 0.504 0.5065 0.4946 0.5019 0.499 0.5032 0.507 0.4975 0.4963 0.487 0.5105 0.5031 0.5124 0.5013 0.507 0.5005 0.5104 0.5041 0.4975 0.4923 0.5008 0.5021 0.4924 0.4985     1     0     0     0     0     0
 0.5069 0.4999 0.4975 0.4999 0.5036 0.4959 0.5031 0.4984 0.4997 0.497 0.4987 0.4985 0.4917 0.5006 0.5035 0.5015 0.4981 0.5022 0.4987 0.4994 0.494 0.5051 0.5058 0.505 0.5013 0.4948 0.4999     1     0     0     0     0
 0.5004 0.4994 0.4925 0.5038 0.4994 0.4997 0.5049 0.493 0.4994 0.5027 0.4998 0.5023 0.494 0.5067 0.5004 0.5015 0.4963 0.5027 0.4989 0.5001 0.5026 0.4945 0.5081 0.5003 0.5006 0.5056 0.5014 0.5024     1     0     0     0
 0.5066 0.4964 0.4978 0.5022 0.5014 0.4995 0.504 0.4969 0.4996 0.5001 0.4982 0.5047 0.5023 0.5025 0.5058 0.4985 0.4978 0.496 0.4994   0.5 0.5009 0.5021 0.5062 0.5028 0.4952 0.495 0.5023 0.5028 0.5042     1     0     0
 0.4998 0.5014 0.4979 0.503 0.5013 0.4964 0.498 0.4995 0.5011 0.5043 0.5044 0.5007 0.4994 0.4988 0.4949 0.4949 0.4975 0.4994 0.4972 0.4961 0.5036 0.4997 0.5007 0.5002 0.4945 0.4967 0.5075 0.5041 0.4994 0.4951     1     0
 0.4994 0.5008 0.4983 0.4982 0.5071 0.5013 0.5004 0.5008 0.5011 0.4966 0.4978 0.5014 0.4931 0.4994 0.505 0.5013 0.4974 0.5025 0.5003 0.5052 0.501 0.4971 0.5003 0.5011 0.5037 0.4961 0.4954 0.5015 0.495 0.5058     0     1
 0.5062 0.5059 0.5075 0.4985 0.5088 0.4931 0.4906 0.4976 0.4997 0.4905 0.5003 0.4957 0.5024 0.4967 0.5017 0.5048 0.502 0.5083 0.5016 0.497 0.5014 0.4994 0.504 0.4977     1     0     0     0     0     0     0     0
 0.5139 0.5017 0.4989 0.5007 0.4875 0.4994 0.5302 0.4863 0.5054 0.5045 0.5007 0.5656 0.433 0.4803 0.4695 0.4896 0.4977 0.5333 0.4674 0.4814 0.4991 0.5245 0.4936 0.514 0.5006     1     0     0     0     0     0     0
 0.4997 0.4907 0.5044 0.5084 0.5036 0.505 0.4968 0.5014 0.5097 0.5024 0.4947 0.5036 0.5132 0.5075 0.5055 0.5063 0.5031 0.5027 0.5199 0.4977 0.4974 0.4937 0.5051 0.5014 0.509 0.4994     1     0     0     0     0     0
 0.5024 0.5034 0.5011 0.5074 0.4969 0.4958 0.5013 0.503 0.5049 0.5044 0.501 0.5048 0.5062 0.5001 0.5077 0.5011 0.503 0.4987 0.5022 0.4975 0.5023 0.5033 0.5013 0.5009 0.4971 0.5148 0.5047     1     0     0     0     0
 0.4956 0.4991 0.503 0.5068 0.5047 0.5006 0.4956 0.5033 0.5037 0.5032 0.4932 0.4948 0.5089 0.5067 0.5003 0.4995 0.5064 0.5059 0.5067 0.5073 0.4985 0.4953 0.5011 0.5023 0.5017 0.4934 0.5008 0.4962     1     0     0     0
 0.4987 0.4972 0.5004 0.505 0.4995 0.4969 0.5049 0.4941 0.4994 0.4964 0.4976 0.5035 0.4998 0.4926 0.4994 0.5005 0.5003 0.5012 0.4956 0.5021 0.4951 0.5047 0.5025 0.4965 0.4924 0.4933 0.498 0.5064 0.4993     1     0     0
 0.4995 0.5002 0.5025 0.5067 0.4996 0.5017 0.4995 0.5004 0.5033 0.5027 0.4936 0.4989 0.4911 0.4958 0.4981 0.4959 0.4977 0.4993 0.5048 0.4996 0.4994 0.4982 0.4959 0.4995 0.5046 0.4991 0.4976 0.5024 0.4955 0.4974     1     0
 0.4976 0.4964 0.5046 0.497 0.4981 0.4979 0.4987 0.4993 0.5007 0.4959 0.4956 0.4988 0.4991 0.5015 0.5014 0.4966 0.4991 0.4978 0.4978 0.5002 0.5029 0.5016 0.4963 0.5022 0.4966 0.4997 0.5008 0.5027 0.4947 0.4986     1     1
 0.4993 0.4922 0.502 0.5016 0.4956 0.4987 0.5037 0.5026 0.5011 0.5034 0.4986 0.4924 0.4918 0.5017 0.4949 0.4972 0.5058 0.5026 0.4988 0.4958 0.4972 0.5079 0.4989 0.5047     1     0     0     0     0     0     0     0
 0.524 0.5096 0.5101 0.5064 0.5288 0.4903 0.4694 0.497 0.5147 0.5011 0.5054 0.4992 0.569 0.481 0.4632 0.486 0.4934 0.532 0.462 0.5029 0.5032 0.4674 0.4712 0.4879 0.4961     1     0     0     0     0     0     0
 0.4831 0.484 0.4987 0.5041 0.4968 0.4861 0.5072 0.4796 0.4975 0.4985 0.4914 0.5414 0.4844 0.4926 0.5082 0.5145 0.5056 0.5121 0.5273 0.4878 0.505 0.4995 0.4905 0.4962 0.4838 0.4981     1     0     0     0     0     0
 0.502 0.4946 0.4963 0.5032 0.5117 0.499 0.4951 0.5016 0.4957 0.4994 0.5078 0.5057 0.4999 0.5038 0.4995 0.5016 0.5064 0.499 0.5006 0.501 0.5068 0.5062 0.4997 0.5035 0.5007 0.4839   0.5     1     0     0     0     0
 0.4967 0.5001 0.4992 0.5021 0.5026 0.5002 0.5017 0.4956 0.4964 0.4932 0.4987 0.4976 0.4948 0.4929 0.4979 0.4985 0.4999 0.501 0.5049 0.4996 0.4988 0.4974 0.501 0.5018 0.5004 0.5019 0.4976 0.5004     1     0     0     0
 0.5072 0.4944 0.4997 0.5033 0.4953 0.5032 0.5069 0.4931 0.504 0.5011 0.5011 0.5041 0.5008 0.5006 0.5034 0.5008 0.5007 0.4957 0.5012 0.5012 0.4945 0.5055 0.5021 0.4955 0.497 0.5085 0.4977 0.4951 0.4993     1     0     0
 0.4936 0.4972 0.4949 0.5005 0.5068 0.497 0.5042 0.4984 0.5051 0.4948 0.4977 0.5002 0.5007 0.5038 0.5069 0.5021 0.4986 0.4976 0.5001 0.5014 0.498 0.4979 0.4978 0.499 0.5011 0.4971 0.5036 0.5026 0.5133 0.4759     1     0
 0.4966 0.4996 0.4998 0.5079 0.5006 0.4943 0.5007 0.4989 0.5079 0.497 0.5094 0.4983 0.4998 0.5013 0.5062 0.5035 0.5006 0.5005 0.4953 0.5008 0.505 0.505 0.495 0.4964 0.5041 0.5015 0.4999 0.5018 0.503 0.4855     0     1
 0.5053 0.5059 0.5034 0.4977 0.5017 0.5069 0.5058 0.5047 0.5039 0.4988 0.5024 0.4931 0.5102 0.4938 0.5007 0.4968 0.4995 0.502 0.5007 0.497 0.4962 0.4972 0.5022 0.4977     1     0     0     0     0     0     0     0
 0.4615 0.465 0.5179 0.4926 0.5253 0.5073 0.5324 0.5096 0.5184 0.5059 0.4864 0.5214 0.5658 0.4825 0.4822 0.5284 0.4961 0.5444 0.4471 0.4489 0.4936 0.4793 0.5181 0.5125 0.5037     1     0     0     0     0     0     0
 0.5127 0.5265 0.507 0.523 0.4911 0.4765 0.4721 0.5109 0.4798 0.5032 0.5389 0.4277 0.5183 0.4959 0.509 0.4916 0.4884 0.5056 0.537 0.4818 0.5061 0.5098 0.4865 0.5029 0.517 0.4966     1     0     0     0     0     0
 0.5085 0.5012 0.495 0.504 0.5167 0.5004 0.4834 0.494 0.5023 0.5138 0.4961 0.5091 0.5019 0.498 0.4881 0.4961 0.4962 0.499 0.4984 0.4965 0.5019 0.5054 0.4961 0.4905 0.4929 0.5216 0.5008     1     0     0     0     0
 0.4948 0.5009 0.5051 0.4977 0.5071 0.5091 0.5006 0.4961 0.5044 0.5017 0.4974 0.4991 0.5073 0.5038 0.4994 0.5014 0.4983 0.4964 0.4985 0.5018 0.4987 0.4988 0.4952 0.5012 0.5016 0.5002 0.5027 0.4978     1     0     0     0
 0.503 0.5027 0.4961 0.5016 0.5002 0.4978 0.5011 0.4969 0.4923 0.5021 0.5002 0.5024 0.5006   0.5 0.4999 0.4994 0.4909 0.4999 0.503 0.496 0.4946 0.4993 0.505 0.4996 0.4999 0.5005 0.5037 0.501 0.4973     1     0     0
 0.4981 0.4972 0.4964 0.4985 0.4975 0.498 0.4998 0.5018 0.4968 0.4977 0.4975 0.4926 0.4983 0.4984 0.4995 0.5002 0.5009 0.5033 0.5008 0.5044 0.4989 0.5012 0.5015 0.497 0.4981 0.5013 0.5017 0.4939 0.4859 0.5017     1     0
   0.5 0.4981 0.4967 0.4975 0.5008 0.4949 0.5043 0.5027 0.4949 0.4999 0.504 0.4929 0.5036 0.4968 0.4994 0.4977 0.4994 0.5039 0.502 0.5038 0.4976 0.5055 0.5004 0.5042   0.5 0.4984 0.4999 0.4967 0.5114 0.5027     1     1
 0.5075 0.5048 0.4996 0.5007 0.4955 0.4975 0.4994 0.4975 0.5013 0.5005 0.4973 0.493 0.4983 0.4945 0.4949 0.5031 0.4996 0.4981 0.5005 0.4965 0.4991 0.5084 0.499 0.4993     1     0     0     0     0     0     0     0
 0.4619 0.4655 0.5436 0.4965 0.5474 0.5258 0.5435 0.4995 0.5771 0.4585 0.5019 0.2926 0.4506 0.5026 0.5728 0.4352 0.4496 0.4546 0.4463 0.448 0.4937 0.4885 0.5415 0.4772 0.5044     1     0     0     0     0     0     0
 0.5118 0.5715 0.4927 0.5345 0.5174 0.5016 0.5415 0.4743 0.4906 0.5012 0.5154 0.6349 0.4733 0.5312 0.4843 0.5203 0.5174 0.483 0.467 0.4857 0.5069 0.5154 0.5143 0.4949 0.4844   0.5     1     0     0     0     0     0
 0.5046 0.4925 0.4917 0.4919 0.4918 0.5062 0.5026 0.521 0.4978 0.4915 0.4864 0.5007 0.505 0.4958 0.5139 0.495 0.5013 0.5043 0.4941 0.4996 0.5002 0.5114 0.5037 0.5091 0.4945 0.4659 0.5047     1     0     0     0     0
 0.4997 0.4908 0.5016 0.5012 0.4933 0.4875 0.4951 0.5086 0.5036 0.5003 0.5037 0.497 0.4979 0.512 0.5076 0.4951 0.5027 0.4959 0.5065 0.4991 0.4983 0.4975 0.5018 0.5054 0.4954 0.4991 0.5004 0.4965     1     0     0     0
 0.5031 0.4953 0.501 0.5011 0.5022 0.5054 0.5006 0.4995 0.5083 0.5013 0.4963 0.5038 0.5032 0.5043 0.505 0.4994 0.4964 0.4986 0.4977 0.499 0.5059 0.4918 0.5002 0.5019 0.4961 0.4995 0.4969 0.5105 0.501     1     0     0
 0.5017 0.4926 0.5054 0.496 0.5038 0.5002 0.5017 0.5041 0.5027 0.4981 0.506  0.51 0.4952 0.5022 0.4914 0.5027 0.4976 0.5006 0.5003 0.4954 0.4987 0.4983 0.5004 0.4957 0.5008 0.5035 0.4965 0.5045 0.5077 0.5127     1     0
 0.5024 0.5038 0.4988 0.4927 0.5004 0.5078 0.4974 0.4975 0.4941 0.5033 0.4946 0.5087 0.5012 0.4948 0.4962 0.5008 0.5012 0.4969 0.4964 0.501 0.4976 0.4985 0.503 0.499 0.5103 0.4944 0.5013 0.5036 0.5101 0.5185     0     1
 0.5039 0.4978 0.5022 0.4985 0.5008 0.4981   0.5 0.507 0.5013 0.4957 0.5048 0.4956 0.4997 0.4992 0.5118 0.5043 0.5008 0.5059 0.4991 0.5059 0.5013 0.5054 0.4952 0.4998     1     0     0     0     0     0     0     0
 0.5446 0.6082 0.5575 0.5144 0.5615 0.4906 0.5738 0.4204 0.4568 0.5374 0.5236 0.7425 0.4466 0.5016 0.5714 0.4376 0.4575 0.4826 0.4964 0.5622 0.4908 0.4387 0.4828 0.5345 0.4999     1     0     0     0     0     0     0
 0.5288 0.5893 0.5773 0.497 0.5643 0.5149 0.5386 0.4888 0.4467 0.5446 0.4315 0.5174 0.5685 0.5803 0.4811 0.5185 0.5181 0.4747 0.4823 0.501 0.4838 0.5009 0.5292 0.4949 0.5314 0.4993     1     0     0     0     0     0
 0.501 0.5424 0.4944 0.5594 0.5114 0.5062 0.5071 0.5251 0.4882 0.5228 0.5139 0.4911 0.4905 0.499 0.526 0.4991 0.5002 0.5097 0.485 0.5001 0.5063 0.4996 0.4912 0.5194 0.4959 0.5552 0.5007     1     0     0     0     0
 0.5004 0.5182 0.5036 0.5025 0.532 0.5047 0.5099 0.4698 0.4979 0.4975 0.5122 0.5006 0.5036 0.5273 0.5088 0.4954 0.4984 0.4932 0.5006 0.5011 0.5008 0.4988 0.5014 0.4992 0.5033 0.5068 0.4926 0.5175     1     0     0     0
 0.497 0.501 0.5091 0.5044 0.5004 0.4925 0.4889 0.5048 0.5024 0.492 0.5007 0.5028 0.5031 0.4984 0.4955 0.5095 0.4993 0.5004 0.5021 0.4966 0.4992 0.5035 0.4957 0.5013 0.4981 0.5052 0.4954  0.49 0.4941     1     0     0
 0.4971 0.5015 0.5103 0.4982 0.4984 0.499 0.4958 0.5024 0.4946 0.5025 0.4961 0.511 0.494 0.4934 0.4949 0.4914 0.5007 0.5028 0.4974 0.4994 0.5002 0.4972 0.5022 0.4952 0.4955 0.5041 0.5128 0.5073 0.4974 0.4991     1     0
 0.492 0.4912 0.504 0.5047 0.5015 0.4867 0.5019 0.509 0.4957 0.4951 0.5069 0.5044 0.4998 0.4985 0.5014 0.5048 0.4962 0.4951 0.5033 0.5045 0.5033 0.5006 0.4985 0.4985 0.5028 0.5021 0.4927 0.4939 0.472 0.4991     1     1
 0.5119 0.5028 0.5014 0.4995 0.5017 0.5027 0.4974 0.5048 0.4983 0.5033 0.5021 0.4978 0.4953 0.509 0.4964 0.503 0.4984 0.4991 0.4977 0.502 0.498 0.5014 0.5008 0.4995     1     0     0     0     0     0     0     0
 0.3863 0.1908 0.3854 0.5162 0.5996 0.542 0.4808 0.6414 0.3934 0.4384 0.4895 0.7789 0.4013 0.4095 0.437 0.4569 0.4804 0.5464 0.4365 0.4484 0.5055 0.588 0.4327 0.4552 0.4992     1     0     0     0     0     0     0
 0.6108 0.2149 0.2281 0.3317 0.3458 0.4097 0.3711 0.4603 0.5409 0.5107 0.5452 0.5101 0.5374 0.5672 0.5002 0.466 0.5142 0.5273 0.4655 0.5363 0.4825 0.5527 0.4678 0.4644 0.4471 0.5033     1     0     0     0     0     0
 0.5009 0.6105 0.4945 0.4619 0.3519  0.44 0.4304 0.4401 0.4943 0.4879 0.5167 0.5116 0.5103 0.517 0.5141 0.5012 0.4893 0.495 0.5334 0.5042 0.4889 0.5016 0.5169 0.4704 0.5012 0.4203 0.4943     1     0     0     0     0
 0.5202 0.5053 0.5038 0.4815 0.6233 0.4755 0.4795 0.5187 0.4961 0.5054 0.5081 0.4985 0.4875 0.4911 0.5181 0.5026 0.4916 0.5037 0.4949 0.5046 0.5028 0.4858 0.5054 0.5051 0.4957 0.5066 0.5154 0.4893     1     0     0     0
 0.5014 0.4973 0.4803 0.4904 0.4951 0.5182 0.4808 0.4842 0.4906 0.5086 0.5175 0.5037 0.4997 0.4991 0.4893 0.4979 0.4951 0.4987 0.4965 0.5026 0.5061 0.4909 0.503 0.4996 0.4986 0.5019 0.5049 0.5127 0.489     1     0     0
 0.4937 0.5124 0.5091 0.4983 0.4825 0.5026 0.5326 0.5131 0.5071 0.4869 0.504 0.4945 0.499 0.5065 0.4995 0.4976 0.5022 0.5019 0.4935 0.4944 0.5004 0.4996 0.4959 0.4945 0.4995 0.4929 0.5108 0.4905 0.4793 0.5608     1     0
 0.4882 0.5079 0.4858 0.4928 0.4928 0.5013 0.5192 0.5112 0.4912 0.4884 0.5026 0.5271 0.4885 0.4861 0.5125 0.5064 0.4874 0.5079 0.4965 0.4956 0.5054 0.4984 0.5007 0.5016 0.5084 0.4963 0.5004 0.5165 0.4636 0.4859     0     1
 0.4956 0.5008 0.5009   0.5 0.4926 0.4974 0.5017 0.4956 0.4985 0.4993 0.501 0.5027 0.4935 0.5018 0.4986 0.4973 0.4933 0.5046 0.5049   0.5 0.501 0.5004 0.5008 0.4918     1     0     0     0     0     0     0     0
 0.5019 0.8999 0.1974 0.396 0.7974 0.3997 0.6065 0.4857 0.6031 0.5079 0.5917 0.806 0.3898  0.56 0.4547 0.5713 0.441 0.5616 0.5667 0.5696 0.4834 0.5303 0.5213 0.5692 0.4991     1     0     0     0     0     0     0
 0.6146 0.4566 0.9001 0.2051 0.4051 0.7436 0.5212 0.5022 0.6484 0.3804 0.3302 0.5973 0.7234 0.5381 0.4444 0.5186 0.5854 0.4646 0.5964 0.4776 0.5829 0.4116 0.3779 0.472 0.5637 0.5021     1     0     0     0     0     0
 0.4404 0.641 0.5002 0.9001 0.1986 0.3942 0.5954  0.52 0.5757 0.5706 0.3445 0.4974 0.5917 0.5609 0.5602 0.506 0.5048 0.4661 0.4103 0.4805 0.4575 0.5134 0.4808 0.4267 0.4858 0.6127 0.4946     1     0     0     0     0
 0.6345 0.3964 0.502 0.5111 0.8777 0.2452 0.4946 0.6327 0.439 0.5165 0.5429 0.5004 0.5702 0.4694 0.5453 0.5291 0.4631 0.487 0.4868 0.4903 0.4726 0.4129 0.4898 0.4766 0.4647 0.4874 0.478 0.5033     1     0     0     0
 0.5336 0.7123 0.4448 0.5852 0.494 0.7996 0.4046 0.5054 0.6305 0.522 0.5247 0.4972 0.5329 0.4992 0.471 0.5325 0.5106 0.5019 0.4914 0.4974 0.5195 0.4515 0.4649 0.4732 0.499 0.4492 0.5101 0.5077 0.5314     1     0     0
 0.3975 0.5729 0.598 0.4405 0.5547 0.5059 0.608 0.6092 0.4533 0.5286 0.5472 0.5307 0.5035 0.4751 0.4758 0.5326 0.4948 0.4862 0.505 0.4929 0.4834 0.5095 0.5152 0.496 0.5027 0.4981 0.4651 0.5004 0.5676 0.5056     1     0
 0.6452 0.3516 0.5268 0.5396 0.4472 0.6464 0.4918 0.5593 0.5952 0.4813 0.5309 0.4824 0.4899 0.4807 0.4882 0.5053 0.5024 0.4862 0.4991 0.4992 0.5085 0.5028 0.5204 0.5056 0.4873 0.4909 0.4987 0.4567 0.5802 0.4996     1     1
 0.4346 0.6311 0.4694 0.4637 0.5095 0.5007 0.5022 0.421 0.5535 0.506 0.4995 0.4973 0.5018 0.4967 0.5004 0.4974 0.4976 0.4962 0.498 0.5013 0.4945 0.5027 0.4967   0.5     1     0     0     0     0     0     0     0
 0.5213 0.00909 0.01828 0.03791 0.07599 0.1543 0.3127 0.6156 0.7611 0.4831 0.9557 0.08717 0.1791 0.3594 0.6668 0.4994 0.6702 0.5058 0.7577 0.4903 0.4971 0.543 0.5852 0.3949 0.4988     1     0     0     0     0     0     0
 0.3148 0.08279 0.00851 0.01804 0.03741 0.07756 0.1585 0.3115 0.6222 0.7607 0.4749 0.9544 0.09078 0.1786 0.3648 0.4646 0.4511 0.6149 0.5782 0.6719 0.4422 0.3602 0.6531 0.3282 0.4157 0.5085     1     0     0     0     0     0
 0.4802 0.2527 0.4805 0.00951 0.01936 0.03917 0.07954 0.1564  0.31 0.6194 0.7612 0.4783 0.9308 0.1367 0.2776 0.5215 0.4126 0.5314 0.6149 0.5169 0.4686 0.3506 0.4912 0.603 0.4306 0.3306 0.4919     1     0     0     0     0
 0.3002 0.3069 0.4652 0.6815 0.009 0.01905 0.03913 0.07749 0.1514 0.3113 0.6163 0.7644 0.4734 0.8876 0.2247 0.4371 0.6462 0.4776 0.5439 0.5283 0.4674 0.3633 0.4903 0.5229 0.5126 0.4726 0.4797 0.4879     1     0     0     0
 0.4832 0.2779 0.4847 0.4856 0.4554 0.0094 0.01857 0.03964 0.07892 0.1551 0.3079 0.6163 0.7667 0.4727 0.7615 0.4593 0.485 0.5289 0.4878 0.466 0.5116 0.511 0.4834 0.5302 0.4784 0.545 0.5195 0.4605 0.3875     1     0     0
 0.3739 0.2653 0.3778 0.556 0.3776 0.5534 0.00996 0.02054 0.04036 0.08075 0.1586 0.3179 0.6209 0.7621 0.4692 0.5308 0.6355 0.4314 0.4998 0.4981 0.4696 0.4513 0.4727 0.4859 0.4935 0.4503 0.5208 0.5053 0.3549 0.5019     1     0
 0.2729 0.2984 0.4993 0.3059 0.4508 0.5835 0.4987 0.0093 0.01933 0.03938 0.07713 0.1542 0.3119 0.6235 0.7537 0.3875 0.5044 0.5278 0.3978 0.5227 0.525 0.4675 0.4536 0.4764 0.4804 0.4959 0.5024 0.4552 0.6035 0.6164     0     1
 0.5031 0.5066 0.5035 0.4999 0.5026 0.5039 0.4986 0.9988 0.9972 0.9939 0.9878 0.9758 0.9502 0.9036 0.8015 0.6055 0.4323 0.4809 0.5246 0.5023 0.4966 0.4993 0.4922 0.4926     1     0     0     0     0     0     0     0
 0.5022     1 6e-05 0.0001 0.00015 0.00031 0.00072 0.00147 0.00315 0.00653 0.01253 0.02511 0.04903 0.09641 0.1975 0.3915 0.7835 0.4279 0.8512 0.2968 0.5923 0.8185 0.365 0.7285 0.5472     1     0     0     0     0     0     0
 0.2464 0.499     1 4e-05 6e-05 0.00014 0.00029 0.00066 0.00137 0.00281 0.00591 0.01251 0.02472 0.04892 0.1027 0.2033 0.4023 0.7889 0.4251 0.8494 0.2977 0.5883 0.817 0.3636 0.7331 0.5349     1     0     0     0     0     0
 0.126 0.2523 0.5049     1 3e-05 0.00011 0.00024 0.00045 0.00074 0.00167 0.00311 0.00604 0.01179 0.02302 0.05277 0.1031 0.2058 0.3971 0.7874 0.4262 0.8481 0.3006 0.5987 0.8047 0.3875 0.7752 0.4391     1     0     0     0     0
 0.06111 0.125 0.2477 0.4992     1 5e-05 0.00013 0.0003 0.00047 0.00102 0.00173 0.00356 0.00641 0.01255 0.02434 0.04957 0.1015 0.1981 0.3948 0.786 0.4307 0.8542 0.2963 0.5895 0.8273 0.3437 0.6825 0.6301     1     0     0     0
 0.03029 0.06483 0.126 0.2512 0.498     1 5e-05 0.0001 0.00019 0.00046 0.00083 0.00151 0.00292 0.00607 0.01211 0.02403 0.05011 0.09756 0.1948 0.3919 0.7836 0.4273 0.8564 0.2878 0.5768 0.8372 0.3157 0.6234 0.7539     1     0     0
 0.01547 0.03348 0.06371 0.1253 0.2526 0.5012     1 2e-05 4e-05 0.0001 0.00022 0.00067 0.0015 0.00274 0.00573 0.01135 0.02393 0.04759 0.09734 0.1988 0.4007 0.7861 0.4247 0.8527 0.2942 0.5934 0.8112 0.3711 0.7483 0.4986     1     0
 0.00788 0.01482 0.0293 0.06038 0.1235 0.2448 0.4957     1 4e-05 7e-05 0.00015 0.00033 0.00067 0.00144 0.00317 0.00582 0.01196 0.02375 0.04845 0.09768 0.1969 0.3884 0.7815 0.4325 0.8591  0.28 0.5608 0.8786 0.2436 0.4932     1     1
